-2.63747, -5.26956, -7.24362, -11.1918, -13.4948, -12.8368, -6.25659, -3.6245, 3.28473, -4.28252, -0.663401, -4.61153, -10.2047, -16.4559, -12.1788, -7.90164, 12.8261, 4.60078, -6.5856, -14.8109, -15.4689, -20.0751, -14.8109, -9.87571, -6.25659, -6.91461, -14.8109, -19.088, -15.1399, -16.4559, -11.8498, -8.88868, -8.23065, -2.63747, -11.8498, -17.114, -12.1788, -15.4689, -16.4559, -10.2047, 14.4711, 19.4063, -3.6245, -14.8109, -22.7071, -27.3133, -23.6942, -13.8238, 1.96869, 7.89089, -9.5467, -9.5467, -16.7849, -23.3652, -18.43, -12.5078, -12.1788, -5.92758, -13.8238, -2.30846, -5.59857, -12.8368, -8.23065, -6.5856
-11.2215, -7.6024, -3.65427, -8.91845, -7.93141, -1.6802, -0.364159, 1.60991, -10.8925, -10.2345, 4.57101, 7.86112, 3.58397, 1.2809, -0.69317, -0.364159, -15.8277, -26.685, -15.4987, -3.65427, -5.95735, -9.24746, -4.6413, -0.69317, -12.8666, -11.5505, -9.90548, -1.02218, 10.8222, -2.00921, -6.61537, -0.364159, 5.55804, 6.21606, -1.02218, -7.27339, 7.20309, 1.93892, -1.35119, 2.26793, 7.20309, -8.58943, -26.356, -39.5165, -24.711, -14.1826, -4.97031, 1.93892, -1.6802, -6.94438, -9.90548, -7.27339, -9.90548, -13.1956, -10.2345, -6.28636, 4.57101, 11.4802, 11.8092, 4.57101, -4.97031, -10.5635, -6.94438, -7.6024
6.90543, 5.91839, -2.30688, -3.95194, -4.93897, 1.97026, 1.64125, -2.30688, 3.61532, -3.95194, -15.4673, -1.64886, -1.31985, 1.31224, 2.95729, -2.96491, -8.55809, -20.0735, -27.6407, -6.58403, -1.31985, -0.332817, -2.96491, -6.91304, -17.4414, -25.3377, -26.3247, -4.28095, 5.91839, 5.91839, -0.003806, -7.24205, -3.29392, 1.64125, -7.57106, 9.86652, 9.2085, 15.4597, 11.8406, -8.22908, 7.89246, -5.926, -20.4025, -4.28095, 3.2863, 15.4597, 10.5245, -9.87414, -13.4933, -22.0475, -35.208, -16.1253, -0.003806, 9.86652, 2.95729, -7.24205, -5.26798, -3.62293, -11.1902, -0.003806, 10.8536, 13.8147, 2.95729, -3.95194
-0.326203, -2.95829, -3.2873, -3.2873, -7.89346, -5.26137, -3.2873, -3.61631, 3.95094, 2.30589, -5.26137, -0.326203, -4.93236, -5.91939, -3.94532, -3.94532, -0.655214, -5.26137, -12.8286, -9.86752, -5.26137, -5.26137, -3.61631, -4.27434, 1.31885, -1.31324, -13.4866, -18.4218, -18.4218, -10.1965, -6.57741, -5.26137, 4.93797, -4.93236, -20.7249, -21.7119, -25.9891, -17.7638, -6.2484, -6.90642, 5.92501, -2.95829, -34.2143, -32.2403, -35.5304, -28.6212, -14.1447, -13.1576, 2.30589, -4.60335, -27.9631, -27.3051, -29.9372, -23.357, -14.1447, -13.4866, -8.22247, -7.56445, -17.4348, -20.0669, -21.3829, -14.4737, -5.91939, -7.56445
-7.54209, -8.20011, -10.1742, -5.23901, -1.29088, 0.354178, -0.303844, 1.0122, -7.21308, -4.58099, -3.59395, 3.64429, 6.27638, 5.61835, 2.65726, 2.32824, -11.4902, -7.8711, -7.21308, -2.60692, -3.92297, 1.99923, -2.60692, 1.67022, -24.9797, -28.5988, -21.0315, -15.7674, -15.1093, -9.18714, -6.22604, 0.025167, -26.2957, -35.179, -25.6377, -14.4513, -17.0834, -9.18714, -0.303844, 0.354178, -36.166, -39.4562, -24.9797, -8.52912, -10.8322, -9.51615, -8.52912, -6.88406, -14.7803, -14.1223, 8.90846, 15.1597, 9.8955, 2.32824, -5.56802, -4.25198, -2.27791, -5.89703, 2.65726, 10.2245, 5.61835, 2.65726, -1.29088, -3.26494
-5.47233, -4.8143, -2.18222, -2.84024, -7.44639, -7.7754, -5.80134, -3.82727, -12.0525, -12.0525, -8.43343, -10.7365, -17.6457, -15.3427, -8.76244, -5.80134, -18.3038, -28.1741, -36.7284, -37.3864, -39.6895, -27.1871, -12.0525, -8.43343, 1.10789, -15.3427, -31.4642, -28.8321, -30.8062, -21.9229, -5.80134, -2.18222, 6.70108, -6.45936, -19.6198, -24.555, -23.2389, -15.6717, -5.14332, -1.85321, -15.0136, -24.884, -41.3345, -38.3734, -27.8451, -22.2519, -13.0396, -10.7365, 3.41097, -1.19518, -12.0525, -12.3816, -12.3816, -8.76244, -5.80134, -4.8143, 16.9004, 11.3072, -3.49826, -0.866172, -8.43343, -5.80134, -0.20815, -1.19518
-14.824, -14.166, -15.153, -13.837, -8.57281, -2.97962, -2.97962, -1.33457, -9.88885, -3.63764, -9.55984, -15.153, -9.23083, -2.65061, -4.62468, -2.97962, -1.00556, 2.94258, -6.26973, -16.7981, -15.8111, -3.96666, -2.65061, -1.33457, -2.3216, -2.65061, -9.23083, -4.95369, -5.2827, -1.00556, -1.99259, 0.639499, 4.91664, 2.28455, 3.6006, 10.1808, 7.87774, 1.95554, -1.33457, 0.639499, 9.85181, 9.19379, -2.65061, -12.1919, -8.90182, -8.2438, -11.2049, -5.61171, 5.24565, 10.8388, -1.99259, -12.5209, -12.85, -8.2438, -11.5339, -8.57281, 12.1549, 12.1549, 8.53576, 8.53576, 6.89071, 8.20675, 3.27159, 0.96851
3.2725, 0.640414, 2.61448, -2.97871, -3.96574, 0.969425, 0.311403, -0.346619, -1.99167, -8.90091, -9.88794, -8.90091, -10.875, -4.29475, -4.29475, -1.66266, -15.4811, -22.7194, -23.0484, -12.849, -6.92684, -2.97871, -2.6497, -1.33365, -9.22992, -6.59783, -8.57189, -7.58486, -2.6497, -0.346619, -1.66266, -1.00464, -10.875, -13.5071, -4.62376, -9.88794, -11.204, -6.59783, -7.25585, -4.62376, -23.0484, -32.5897, -31.6027, -23.0484, -23.0484, -15.8101, -11.862, -7.25585, -19.7583, -23.0484, -31.6027, -32.5897, -27.9835, -20.4163, -14.4941, -10.2169, -3.96574, -2.97871, -6.59783, -8.57189, -8.90091, -10.546, -5.28178, -3.30772
7.32734, 7.98536, 8.64338, 3.70822, 3.37921, 1.07613, 1.73415, 1.73415, 8.97239, 14.8946, 16.8687, 1.73415, 1.40514, 0.747119, 0.089097, 1.07613, 5.02426, 18.1847, 11.2755, -8.7942, -8.7942, -3.53002, -3.20101, -0.897936, -1.88497, 17.5267, 4.69525, -3.85904, 2.39217, -3.53002, -5.8331, -2.21398, -5.8331, 15.8816, 6.66932, -2.872, 2.39217, -6.16211, -7.80717, 2.06316, -1.88497, 9.63042, 11.2755, -2.872, -13.4004, -26.8898, -14.3874, 2.72119, -2.872, 6.99833, 5.68228, -7.47816, -18.0065, -34.1281, -17.6775, 0.747119, -10.7683, -4.18805, -0.897936, -3.85904, -2.872, -18.6645, -13.7294, 0.089097
3.25632, 3.58533, -3.3239, -2.00786, 0.953244, -3.98192, -4.96895, -3.65291, 9.50753, 1.94028, -4.96895, -9.2461, -0.3628, -4.31093, -3.98192, -3.3239, 8.5205, -4.63994, -9.90412, -10.2331, -4.31093, -9.2461, -2.99489, -1.34983, 19.3779, 13.7847, 10.4946, 7.20445, 3.58533, -11.2202, -3.65291, -0.033789, 9.83654, 10.8236, 15.7587, -4.63994, -7.27203, -11.5492, -12.5362, -8.25906, -4.31093, -6.94302, 4.90138, -14.5103, -11.5492, -13.5232, -13.8523, -13.1942, -0.033789, 1.61127, 14.7717, 13.1267, 7.53346, 5.23039, 3.91434, 0.624233, -17.8004, -18.4584, -13.1942, -4.96895, 3.58533, 0.624233, 6.54643, 3.91434
-5.24614, -1.62702, -1.95603, -2.61405, -0.310973, -4.25911, -0.968995, 0.018038, -1.95603, 0.018038, -10.8393, -16.4325, -7.87823, -7.54922, -3.27207, 0.347049, 6.92727, 11.8624, 11.5334, 9.55936, 8.24331, 2.97914, 4.62419, 3.63716, 12.1914, 19.1007, 23.7068, 19.4297, 19.1007, 9.23035, 5.61123, 3.30815, -4.25911, -6.56218, -13.4714, -18.0776, -15.4455, -12.4844, 0.018038, 3.96617, 7.25628, 2.97914, -9.19427, -12.8134, -10.8393, -2.94306, 2.65013, 1.9921, 15.8106, 16.7976, 12.1914, 13.8365, 12.1914, 7.58529, 3.63716, 2.32112, 4.29518, 11.5334, 17.7846, 12.8495, 9.23035, 8.24331, 11.8624, 8.24331
0.340188, -3.60794, -6.89805, -4.26597, -4.92399, -7.55608, -5.253, -1.96289, 0.011177, -5.58201, -7.88509, -9.85915, -9.85915, -8.87212, -7.55608, -3.60794, 1.32722, -7.55608, -9.85915, -10.8462, -10.1882, -8.54311, -5.91102, -0.646845, -12.4912, -19.7295, -13.1493, -14.7943, -14.4653, -7.22707, -2.62091, 1.32722, -9.20113, -11.5042, -10.1882, -7.55608, -2.62091, -1.63388, -0.317834, 0.669199, 1.32722, -3.27893, -1.96289, -3.27893, 3.6303, -1.96289, -2.2919, 0.99821, 2.97228, -3.93696, -1.30487, -10.8462, -5.58201, -3.27893, -1.63388, 3.30129, -10.5172, -13.1493, -20.3875, -27.9548, -16.4394, -7.88509, -5.58201, -4.26597
-4.2121, -0.592981, 1.05207, 0.394052, -1.58001, -3.88309, -2.89606, -2.23804, -6.84419, -4.54111, -0.921992, 3.02614, 1.05207, 0.065041, 1.38109, 1.05207, -4.2121, 6.31625, 11.2514, 17.8316, 14.2125, 6.97427, 3.68416, 5.00021, -0.592981, 14.2125, 24.7409, 23.7538, 16.5156, 7.63229, 3.02614, 1.38109, -18.6886, -18.3596, -9.47628, -1.251, -2.56705, -8.16023, -5.85716, -5.85716, -28.5589, -29.546, -19.0176, -1.251, 0.723063, -3.88309, -9.80529, -5.19914, -10.4633, -4.2121, -4.54111, 5.65823, 7.96131, 0.065041, -6.51518, -2.23804, -5.19914, -8.16023, -13.0954, -8.16023, -4.54111, -4.87012, -10.7923, -5.19914
-7.46601, -10.7561, 0.101239, 0.101239, 0.43025, -1.21481, -1.21481, 0.759261, -5.82096, -13.0592, 14.2487, 11.6166, 3.06234, 0.43025, -2.53085, -2.53085, -1.21481, -9.44008, 2.40432, -5.16294, -10.0981, -7.46601, -7.46601, -5.16294, -6.47898, -9.44008, 5.69443, 2.40432, 6.68146, 0.101239, -5.16294, -6.80799, -1.21481, -8.78206, 7.33948, 7.01047, 15.8938, 2.73333, -4.83393, -4.1759, 0.759261, -7.46601, 4.70739, -4.83393, -1.87283, -10.4271, -11.7432, -6.80799, -19.6394, -25.5616, -14.0462, -13.7172, -8.12404, -13.0592, -14.7043, -14.0462, -2.85986, -11.4141, -7.46601, -2.53085, -3.51788, -6.47898, -11.0851, -8.12404
-2.34968, -1.36264, 0.611422, -3.66572, -4.32374, -5.31078, -3.33671, -1.36264, -6.62682, -13.8651, -9.91693, -6.62682, -10.904, -13.8651, -5.63979, -2.67869, 2.9145, -9.91693, -4.32374, 10.8108, 14.1009, 1.92747, -2.34968, -5.31078, 6.20461, -8.27188, -20.1163, -8.9299, 7.84966, 3.24351, -1.03363, -4.98177, -11.891, -16.8262, -20.1163, -21.4323, -8.60089, 3.90153, 5.21758, -1.69166, 3.57252, -0.375611, 6.53362, 8.8367, 14.7589, 16.733, 6.53362, -5.63979, 13.4429, -0.0466, -14.8521, -12.22, -6.62682, -2.67869, -3.99473, -9.58792, -4.65275, -7.28484, -33.9347, -30.6446, -24.3934, -15.8391, -6.95583, -3.33671
-7.57791, -11.526, -11.197, -3.62978, -7.2489, -8.23593, -3.62978, -2.64275, -4.61681, 0.976375, -0.66868, 1.30539, -3.95879, -5.93286, -1.98472, -2.97176, -12.5131, 1.6344, 4.92451, 5.91154, 0.318353, -3.30077, -4.94582, -5.93286, -12.5131, 1.30539, 1.96341, -0.010658, -2.97176, -4.2878, -8.23593, -9.88099, -6.26187, 7.22758, 2.95044, 12.4918, 7.22758, 1.6344, -2.31374, -2.97176, -26.3315, -8.23593, -10.21, 11.8337, 12.8208, -0.997691, -0.010658, 1.6344, -16.7902, -6.59088, -5.93286, 7.5566, 1.6344, -10.539, -6.91989, 0.318353, -2.31374, 8.54363, 9.53066, 17.4269, 6.89857, 0.647364, 3.60846, 5.58253
-3.23434, 2.02983, 7.95203, 8.93907, 6.30698, 5.97797, 4.99093, 3.34588, 4.99093, 8.61005, 6.63599, 5.64896, 5.97797, 5.64896, 3.01687, 3.01687, 7.29401, 4.0039, -8.16951, -10.1436, -2.90533, 2.35885, 1.37181, 2.68786, -4.22138, -4.8794, -9.81456, -16.7238, -13.1047, -1.26028, -1.58929, 1.37181, -7.8405, -2.90533, 2.68786, 10.9131, 9.59709, 10.9131, 6.965, 7.95203, -5.20841, -1.26028, 3.67489, 10.2551, 7.29401, 4.66192, 2.68786, 4.66192, -4.8794, -1.26028, -4.8794, -12.1176, -6.85346, -4.55039, -5.86643, -4.22138, -19.0269, -17.3818, -13.7627, -3.89236, -1.9183, -1.26028, -3.56335, 1.37181
-6.61741, -10.2365, -9.57851, -10.2365, -10.8946, -7.27544, -4.31434, -2.99829, -11.8816, -13.8557, -14.8427, -15.8297, -10.2365, -6.2884, -4.31434, -2.01126, -13.8557, -18.1328, -28.6612, -30.3062, -23.397, -12.8686, -5.95939, -1.68225, -34.5834, -44.1247, -53.337, -44.4537, -28.9902, -14.1847, -5.63038, 1.27885, -35.2414, -39.8475, -40.8346, -34.5834, -25.371, -13.5266, -6.2884, 2.59489, -24.384, -22.0809, -18.4618, -19.1198, -17.8038, -15.5007, -9.2495, -1.35324, -16.1587, -16.4877, -13.1976, -13.8557, -7.93346, -5.95939, -5.30137, -0.366205, -14.8427, -13.5266, -8.59148, -3.98533, 3.58193, 4.56896, -0.366205, -0.037194
-8.83972, -3.90455, -4.89158, -6.20763, -8.5107, -6.20763, -2.91752, -0.61444, -10.4848, -5.87862, -8.83972, -12.1298, -4.89158, -4.23356, -6.20763, -3.57554, -1.60147, -8.18169, -13.1169, -19.0391, -14.1039, -7.52367, -5.87862, -4.23356, 1.03062, -8.5107, -10.1558, -8.18169, -5.87862, 0.701604, 1.03062, -0.943451, -12.7878, -23.6452, -24.9613, -14.1039, -14.1039, -11.4718, -5.87862, -2.91752, -15.0909, -22.9872, -24.3032, -26.9353, -23.9742, -16.736, -14.4329, -7.19466, 3.00468, -7.85268, -11.4718, -23.9742, -23.3162, -15.7489, -10.4848, -5.54961, 6.6238, -4.23356, -11.8008, -17.394, -20.3551, -9.16873, -4.89158, 0.043582
-7.43863, -10.0707, -5.13555, -12.3738, -8.09665, -3.16148, -1.84544, -1.18742, -1.18742, -5.46456, 1.77368, -6.45159, -5.46456, -4.80654, -3.81951, -1.18742, -17.967, -21.9151, -21.2571, -20.2701, -12.7028, -10.7287, -8.09665, -4.14852, -32.7725, -33.1015, -24.5472, -15.6639, -6.78061, -6.45159, -2.50346, 1.44467, -17.309, -4.14852, 5.06379, 2.76071, 0.457637, -4.47753, -0.200385, 4.73478, -13.6898, -15.0059, -12.0448, -9.7417, -14.6769, -16.9799, -16.3219, -7.43863, -20.5991, -18.954, -21.5861, -8.42566, -9.7417, -5.46456, -8.09665, -3.4905, -3.16148, 0.128626, 0.786648, 9.01192, 7.03786, 11.315, 4.73478, 6.70885
-5.21377, -2.91069, -9.49091, -14.0971, -11.136, -8.50388, -5.54278, -3.2397, -9.1619, -6.85882, -15.0841, -13.7681, -6.85882, -5.87179, -6.52981, -3.89772, -3.89772, -10.807, -13.439, -9.1619, -7.51684, -7.18783, -9.49091, -4.22673, 0.05041, -11.794, -25.9415, -23.9674, -22.6514, -12.781, -11.136, -7.51684, -12.781, -19.6903, -26.5995, -14.0971, -11.794, -6.2008, -7.84585, -7.51684, -6.2008, -16.4001, -8.83289, 5.6436, 3.01151, -5.21377, -10.1489, -8.50388, 18.804, 5.97261, -8.17487, -13.7681, -13.439, -12.123, -15.7421, -10.1489, 1.36645, -5.87179, -12.452, -12.781, -6.85882, -1.59465, -5.21377, -4.55574
-4.8279, -6.47296, -13.3822, -8.44702, -3.51186, -6.14395, -5.15691, -3.18285, 1.75232, -8.77604, -23.9105, -11.0791, 7.01649, 1.75232, -1.20878, -1.53779, 9.64858, 1.42331, -22.5945, -26.8716, -6.47296, 0.107262, 0.107262, 1.0943, 4.71342, 11.6226, 8.99056, -6.47296, -1.53779, 2.73935, 4.38441, 0.436273, -5.48593, 1.0943, 7.01649, -8.11801, -16.3433, -10.0921, 0.765284, -5.15691, 1.42331, 2.41034, 5.70045, -4.16988, -19.6334, -21.6075, -8.77604, -5.15691, 8.99056, 15.2418, 16.8868, 11.9517, 2.08133, -6.47296, -3.84087, 1.42331, -5.48593, -11.4081, -11.4081, -17.0013, -16.0143, -15.0272, -14.0402, -3.84087
1.64949, 2.63652, -0.982598, -1.96963, 0.991468, -0.324576, 0.333446, 3.62356, -2.29864, -5.58875, -6.57579, -7.23381, -2.62765, -3.28568, -1.96963, 1.64949, 0.004435, -3.9437, -11.1819, -13.814, -14.143, -16.7751, -8.54985, 0.662457, 8.22971, 4.61059, 0.333446, -0.982598, -7.89183, -11.84, -5.91776, 3.29455, -4.27271, -15.7881, -7.89183, -3.61469, -7.23381, -7.56282, -6.57579, 5.26861, -7.89183, -15.7881, -18.4202, -17.7622, -18.7492, -10.8529, -10.8529, -3.28568, -22.3683, -22.3683, -19.7362, -17.1041, -18.7492, -9.20787, -11.511, -4.93073, -19.0782, -15.7881, -13.156, -19.0782, -18.4202, -4.27271, -8.22084, -2.62765
4.62952, -0.634656, -6.88587, -5.24081, -6.55685, -2.27971, -0.305645, -0.305645, 4.62952, -1.9507, -1.62169, -1.62169, -2.93773, 0.023366, 1.0104, 2.32644, -4.25378, -13.1371, -7.21488, -4.9118, 1.33941, 1.66842, 0.681388, 1.33941, -2.60872, -2.60872, 0.023366, -2.60872, -1.9507, 2.98447, 1.33941, 0.023366, 3.64249, 9.8937, 19.106, 9.8937, 9.8937, 7.26161, 1.66842, -1.9507, -3.26674, -2.93773, 6.27458, 3.9715, 3.31348, -3.59576, -1.62169, 1.99743, -11.492, -16.4272, -18.4013, -17.7432, -15.4402, -16.4272, -4.58279, 4.95853, -16.0982, -18.4013, -18.4013, -17.4142, -16.7562, -14.1241, -5.24081, -2.60872
-1.31313, -0.326094, -2.62917, -3.28719, -0.326094, -1.97115, -2.62917, -1.64214, -7.56434, -10.5254, -10.8544, -9.5384, -4.27423, -2.62917, -1.97115, -1.64214, -26.976, -30.5951, -21.7118, -14.8026, -5.91928, -2.62917, -0.655105, -0.326094, -24.6729, -21.3828, -16.1186, -11.1835, -8.88038, -3.94522, -0.326094, -0.984116, -14.8026, -14.4736, -21.3828, -15.4606, -15.4606, -6.90631, -1.97115, -2.95818, -18.7507, -17.4347, -20.3958, -10.5254, -9.86741, -5.91928, -1.31313, -7.23533, -19.4087, -14.4736, -10.8544, -10.1964, -10.8544, -8.88038, -7.23533, -9.20939, -17.4347, -15.7896, -9.20939, -2.30016, -3.28719, -3.28719, -3.28719, -0.326094
-2.86642, -1.22137, 4.37182, 5.35886, 7.00391, 6.01688, 4.37182, 2.72677, -5.82752, -0.234332, 3.05578, 0.42369, 1.08171, 0.094679, 0.752701, 1.08171, -5.1695, -2.53741, 6.6749, 5.35886, 6.01688, 8.97798, 2.39776, -1.87939, 0.094679, -7.47257, -6.15653, -4.18246, -6.81455, -0.563343, -4.84049, -5.1695, 5.02984, -7.14356, -5.82752, -16.3559, -21.291, -4.84049, -0.563343, -3.19543, 5.68787, 7.33292, 17.5323, 10.294, 0.094679, 5.68787, 3.38479, -0.563343, -3.52444, 4.04281, 13.2551, -2.2084, -8.1306, -6.48554, -5.82752, -4.51148, -1.22137, 5.02984, 18.5193, 1.08171, -3.85345, 0.094679, 5.02984, 0.752701
-6.2335, -5.90449, -2.94339, -0.969322, 1.99178, 0.675733, 0.017711, 0.346722, -2.28537, -9.85262, 0.017711, 2.32079, 3.63683, 0.675733, 1.33376, 1.33376, 8.90101, -4.25943, 6.26892, -7.87855, -13.1427, -9.1946, -3.60141, 1.33376, -5.90449, -11.1687, 4.95288, 1.33376, 3.63683, 1.33376, -1.29833, -0.969322, -24.3291, -13.4717, 13.8362, 1.99178, 6.92694, 6.26892, 0.017711, 0.346722, -8.53658, 4.62387, 23.0485, 5.6109, 8.572, -0.640311, -6.2335, -2.28537, -4.58844, -3.93042, 5.28189, -3.93042, 3.30782, 4.29485, -0.969322, -2.28537, 3.96584, 10.8751, 13.5072, 3.96584, 11.8621, 12.5201, 5.93991, 1.99178
-0.946497, 1.68559, 5.63372, 5.63372, 4.9757, -0.288475, -1.93353, -0.288475, -3.57859, -3.24957, 8.26581, 1.35658, -3.57859, -2.92056, -2.26254, -1.27551, -9.50078, -7.19771, 2.67262, -1.93353, -1.93353, 0.698558, 0.040536, 0.369547, -18.3841, -12.7909, -11.1458, -4.89463, 5.30471, 4.64669, -4.56562, -4.56562, -28.9124, -18.0551, -14.765, -9.17177, 2.34361, 3.98867, -10.4878, -8.18474, -23.6483, -16.081, -8.18474, -9.17177, -5.55265, -1.60452, -8.51375, -3.9076, -28.5834, -29.2414, -29.5705, -19.7001, -15.423, -7.19771, -12.7909, -8.84276, -29.8995, -29.5705, -29.2414, -18.0551, -14.765, -9.50078, -13.7779, -8.18474
-6.96712, -3.01899, -3.348, -5.98009, -7.29613, -4.00602, -1.37393, -1.70295, -12.2313, -1.37393, -1.37393, -2.03196, -3.01899, -2.36097, -0.715912, -1.37393, 1.25815, 2.90321, -10.9153, -14.5344, -6.3091, 3.23222, 2.5742, 2.24519, -1.70295, -12.5603, -20.7856, -23.0887, -15.1924, -10.2572, -4.33503, 1.58717, -16.1794, -20.4566, -23.0887, -16.1794, -14.2054, -13.2183, -5.98009, -1.70295, -7.29613, -4.00602, -8.61218, 1.58717, -1.70295, -1.70295, 1.58717, 0.600132, 8.4964, 9.81244, 4.21925, 1.91618, -2.03196, -2.68998, 0.271121, -0.05789, 9.48343, -1.37393, -10.5862, -12.5603, -12.5603, -9.92822, 0.600132, 0.271121
-14.1344, -14.7924, -11.1733, -1.96096, -0.973931, -1.30294, -1.30294, -0.315909, -16.4374, -16.4374, -9.85723, -0.64492, 6.26431, 7.90937, 0.671124, 0.013102, -7.88316, -0.973931, 4.29025, 2.64519, 5.27728, 9.22541, 3.96123, 2.64519, -13.4764, -9.52822, -8.8702, -4.59305, -6.23811, -1.96096, -5.58009, -2.948, -17.0955, -27.2948, -29.2689, -14.7924, -6.89613, 1.32915, -1.96096, -3.93503, -9.52822, -21.0436, -24.9917, -6.56712, 1.32915, 12.8445, 7.90937, 3.30321, -19.0695, -15.4504, -12.8183, -7.22514, -7.22514, 4.61926, 1.32915, -1.96096, -11.1733, -8.54118, -10.8443, -8.8702, -12.8183, -7.88316, -5.25107, -6.23811
-2.93913, -1.9521, -2.28111, -5.24221, -0.965065, 1.009, 1.009, 0.350979, -3.59715, -6.55825, -4.25518, -3.59715, 0.67999, 2.65406, 0.67999, 1.99603, -1.9521, -4.9132, 2.98307, 7.26021, 0.021968, -3.59715, -3.59715, 1.009, -1.9521, -1.9521, 14.8275, 24.0398, 7.58922, -1.62309, 1.66702, 0.67999, -6.55825, -8.20331, 3.31208, 14.1694, 2.65406, 0.021968, 4.62812, 4.95713, -11.1644, -17.7446, -8.53232, -1.62309, -5.57122, -5.57122, -1.29408, 2.98307, -19.7187, -22.6798, -19.0607, -8.86133, -12.1514, -5.57122, 1.66702, 5.61516, -12.8095, -11.8224, -10.8354, -7.8743, -12.1514, -8.86133, 1.66702, 2.98307
-4.56194, -5.21996, -2.58787, 0.044215, 1.68927, -1.60084, -1.60084, -1.27183, -0.284796, -0.284796, -4.89095, -6.53601, -5.54897, -4.23293, -2.91688, -2.25886, -4.23293, -0.284796, -3.57491, -1.92985, 0.373226, -2.91688, -3.90392, -3.2459, -7.19403, -2.25886, -7.85205, -10.8131, -7.85205, -7.85205, -7.52304, -3.2459, 11.5596, 6.95345, -7.19403, -16.0773, -13.4452, -4.89095, -4.89095, -7.19403, 16.1658, 14.5207, 5.6374, 6.29542, 6.95345, 1.68927, -7.85205, -10.1551, 7.28246, 12.2176, 2.01828, -1.60084, 3.66334, -5.54897, -11.1422, -10.8131, 13.2047, 15.8367, 5.6374, 0.702237, 8.5985, 6.95345, -3.2459, -3.57491
-5.4171, -4.10106, -5.08809, -0.810945, 1.82114, 0.505099, -0.152923, -0.810945, -4.75908, -9.03622, -5.08809, -4.75908, -3.11402, -3.77204, 0.176088, -1.13996, -9.69424, -20.2226, -17.2615, -10.0233, -4.75908, 0.505099, -0.152923, 0.176088, -29.7639, -47.5305, -45.2274, -22.8547, -10.3523, -0.810945, -2.78501, 0.176088, -8.70721, -15.9455, -15.9455, -15.2874, -10.3523, -7.72018, -9.03622, -0.481934, -4.10106, -5.08809, -10.0233, -27.7898, -21.8677, -23.1837, -11.6683, -1.46897, -8.70721, -22.1967, -21.8677, -28.1189, -17.2615, -19.2356, -11.3393, -0.152923, -10.3523, -24.8287, -17.2615, -18.5775, -14.3004, -12.3263, -12.3263, -2.12699
-2.96084, -8.22501, -7.896, -4.27688, -6.90897, -8.55402, -3.94787, -1.64479, 1.64532, 1.64532, -6.57996, -8.88303, -7.896, -9.87007, -8.88303, -3.94787, -6.25095, 1.97433, -5.26391, -9.87007, -2.96084, -4.60589, -7.23798, -6.57996, -32.2428, -34.8749, -35.8619, -21.7145, -15.4633, -14.8052, -4.9349, -2.96084, -16.7793, -18.4244, -11.1861, 12.1737, 12.5027, 2.63235, 6.9095, 3.61939, 13.8187, 9.21257, 4.27741, -3.61886, -13.1602, -22.3725, -9.87007, -5.92193, -10.5281, -14.4762, -27.9657, -45.7323, -45.0742, -35.5329, -15.4633, -9.87007, -11.8441, -9.54106, -7.23798, -5.92193, -3.61886, -0.657758, 7.23851, 0.987297
-11.4663, -9.16323, -4.22807, -13.1114, -10.4793, -6.53114, -4.88609, -2.254, -22.3237, -21.6657, -10.1503, -6.53114, -5.54411, -3.24103, -1.26697, -0.279935, -22.9817, -21.3366, -9.16323, -3.89906, 1.69413, -3.24103, -4.22807, 0.049076, -22.3237, -22.3237, -16.0725, -16.0725, 3.33919, -8.83422, -12.1243, -3.89906, -20.6786, -21.9947, -14.0984, -17.7175, -7.51818, -13.1114, -14.0984, -6.20213, -19.0336, -14.4274, -18.7046, -26.6008, -20.6786, -20.6786, -19.0336, -10.8083, -15.7435, -13.7694, -18.3755, -29.2329, -24.9558, -22.9817, -11.1373, -2.91202, -3.57005, 8.60336, 8.60336, 2.68116, 4.65523, -1.26697, 3.33919, 4.65523
-2.04866, -2.37767, 0.25442, -5.00976, -4.02272, -3.69371, -1.39064, -1.71965, 5.84761, 3.87354, 6.50563, -3.3647, 0.583431, 2.22849, 1.24145, -1.06162, -5.00976, -2.70668, 2.22849, -6.3258, -9.94492, -8.29987, -6.98382, -3.3647, 8.4797, 11.7698, 0.583431, -11.59, -21.1313, -17.8412, -13.564, -6.3258, 22.2982, 23.6142, 0.583431, -6.98382, -11.919, -10.6029, -4.68075, -2.70668, 3.21552, 4.53156, -4.35173, -5.33877, -5.99679, -6.3258, 0.583431, -0.403602, -4.02272, -8.29987, -8.29987, -6.98382, -8.62888, -13.235, -4.68075, 0.583431, 3.54453, 0.912442, 0.25442, 7.16365, 3.87354, -7.64184, -7.64184, -0.074591
-0.601772, -8.16903, -6.85298, -3.23386, 1.04328, -1.58881, -1.58881, -2.24683, 12.2297, -4.22089, -6.19496, -6.52397, -0.272761, -2.24683, -0.601772, -2.57584, 8.93955, -1.91782, -1.91782, -7.84001, -1.25979, -0.272761, -2.24683, -3.89188, -23.3035, -13.7622, -2.57584, -6.19496, -1.91782, 3.01735, -3.23386, -5.20793, -5.86595, -2.90485, 2.68834, -8.49804, -1.25979, 1.37229, -1.58881, -4.22089, 25.3901, 21.771, 8.93955, -12.4462, -10.1431, -8.49804, -7.511, -5.86595, -11.1301, -6.52397, -12.4462, -12.1172, -1.58881, -5.53694, -6.52397, -4.5499, -12.4462, -12.4462, -10.4721, -4.87892, 3.01735, 0.714272, 4.00438, 1.70131
1.32302, 1.32302, -5.58621, -8.2183, -8.87632, -7.88929, -2.95412, 0.664999, 5.27115, 4.61313, -3.61214, -6.57324, -7.23127, -8.54731, -4.92819, -2.2961, 8.23225, 4.28412, -3.94116, -9.20533, -7.56028, -4.92819, -3.28313, -3.94116, 2.96808, -8.87632, -16.7726, -19.4047, -16.1146, -4.27017, -6.90225, -2.62511, -0.980056, -21.3787, -30.262, -21.0497, -20.0627, -11.5084, -8.54731, -1.30907, 0.664999, -21.7078, -36.8423, -34.8682, -33.2231, -17.7596, -11.1794, 0.335988, 6.91621, -7.23127, -17.1016, -26.6429, -22.3658, -9.20533, -9.53434, -0.651045, 10.5353, 1.32302, -3.94116, -13.1535, -11.8374, -2.62511, -5.2572, -1.96709
-3.53702, -6.49811, -0.575916, -5.84009, -8.47218, -4.52405, -1.23394, -1.23394, -2.54998, -0.575916, 3.37222, -7.81416, -11.1043, -9.1302, -3.208, -2.22097, 10.2814, 9.29441, 8.9654, -4.52405, -17.0265, -11.7623, -5.18207, -2.87899, 6.66233, -5.18207, -10.4462, -14.3944, -23.6067, -18.0135, -12.0913, -6.82713, 1.72716, -12.0913, -17.6845, -8.47218, -14.3944, -17.0265, -12.4203, -3.86603, -0.904927, -7.81416, -8.80119, -7.48515, -5.84009, -7.81416, -2.87899, -1.89196, 2.05617, -12.7493, -11.7623, -16.0394, -20.3166, -5.18207, 1.72716, 1.72716, 3.70123, -9.45921, -5.18207, -2.22097, -3.208, 6.33332, 7.97837, 1.39815
-0.655943, -0.655943, 0.989112, 2.30516, -0.326932, 1.31812, 2.30516, -0.326932, -5.59111, 1.97615, -0.984954, -5.92012, -1.64298, 1.31812, 5.59527, 2.96318, -6.90715, 3.95021, -2.301, -15.1324, -12.1713, -4.93309, 3.95021, 2.63417, -16.1195, -0.655943, 8.22735, -5.92012, -11.1843, -10.1973, -1.97199, -2.63001, -26.3188, -14.1454, -10.1973, -10.1973, -9.21023, -16.1195, -8.88122, -6.24913, -13.8164, -1.31397, -18.4225, -23.6867, -21.3836, -21.3836, -8.88122, 1.97615, -12.5003, 5.59527, -2.301, -13.4874, -10.5263, -12.1713, -10.8553, 0.002079, -16.1195, -7.56517, -8.88122, -10.1973, -2.301, -8.2232, -12.5003, -5.2621
-4.22543, -4.88345, -12.1217, -17.0569, -11.4637, -7.51554, -3.23839, -1.26433, -8.83158, -15.7408, -16.3988, -19.0309, -14.4248, -8.50257, -3.23839, -1.26433, -14.7538, -22.9791, -20.018, -19.6889, -16.0698, -9.81861, -5.21246, -2.58037, -15.7408, -21.005, -17.7149, -15.0828, -18.3729, -14.4248, -5.21246, -1.26433, -8.50257, -7.84455, -11.1347, -6.5285, -12.4507, -8.17356, -3.89642, -4.55444, -17.0569, -17.0569, -27.9142, -24.9531, -18.3729, -10.8056, -3.89642, -10.1476, -23.9661, -28.5722, -33.8364, -22.321, -20.676, -10.8056, -0.935317, -3.56741, -8.17356, -3.89642, -5.54147, 5.6449, 0.051716, 6.96095, 8.93501, 0.380727
8.98654, 7.01248, -2.19983, -2.19983, -3.84489, -6.47698, -0.554778, -0.883789, 6.35445, 13.5927, 3.06434, -6.14797, -9.10906, -7.135, -2.85786, -0.225767, 13.5927, 14.5797, -7.79302, -22.9275, -16.6763, -10.4251, -1.87082, 2.73533, 7.99951, -0.554778, -21.9405, -26.5466, -23.5855, -17.3343, 0.103244, 7.6705, -9.76709, -12.3992, -16.0183, -7.79302, -3.51588, -10.7541, -6.14797, 3.72237, 9.31555, 7.99951, -1.87082, -7.135, -12.7282, -23.5855, -14.3732, -1.2128, 15.2378, 8.65753, 2.73533, -16.6763, -30.1658, -25.5596, -15.6893, -0.225767, -0.883789, -13.3862, -13.7152, -15.6893, -18.6504, -12.0702, -9.10906, -4.1739
-2.32378, -7.58796, -8.24598, -6.60093, -1.33675, -2.32378, -1.00774, -1.00774, -5.28488, -1.00774, 5.90149, -1.66576, -1.00774, -4.95587, -3.31082, -0.678728, 1.29534, 1.95336, 2.94039, -4.95587, -2.32378, -4.62686, -3.63983, -2.32378, 4.25644, -5.61389, -4.29785, -3.96884, 3.92743, 2.94039, -5.28488, -3.63983, 5.57248, 2.94039, 12.1527, 1.29534, 4.58545, -4.95587, -10.22, -3.96884, -10.8781, -3.63983, 6.2305, -10.5491, -15.8132, -15.8132, -13.1811, -3.63983, -1.66576, -4.62686, 6.2305, -4.62686, -18.1163, -16.1422, -11.2071, -6.60093, 11.1657, 3.59842, 8.20457, -2.32378, -18.1163, -15.4842, -12.1941, -6.27192
-3.25852, -6.87764, -3.91654, -5.8906, -3.91654, -4.90357, -5.56159, -4.57456, -10.1677, -20.0381, -13.4579, -6.87764, -4.90357, -5.56159, -4.24555, -3.25852, -12.4708, -13.4579, -24.3152, -16.419, -7.20665, -9.18071, -8.52269, -4.90357, -8.52269, -13.4579, -29.2504, -28.5924, -15.4319, -16.419, -16.419, -5.56159, -9.50972, -32.8695, -41.7528, -39.7787, -26.6183, -16.0899, -20.3671, -7.53566, -1.61346, -23.6572, -25.6313, -29.2504, -27.2763, -19.3801, -16.748, -7.86467, 6.94083, -6.21961, -6.54863, -11.4838, -14.1159, -5.23258, -4.57456, -1.28445, 3.65072, -2.60049, -3.58753, -10.8258, -3.91654, 6.61182, 1.34764, -1.94247
-6.32941, -8.9615, -13.5677, -10.9356, -9.61952, -9.61952, -5.34238, -2.38128, -11.2646, -24.754, -31.3342, -14.2257, -5.01336, -7.31644, -1.72325, -1.39424, -8.30347, -9.61952, -8.9615, 2.55389, 9.13411, 4.19894, 2.8829, 0.908834, -45.8107, -42.1916, -18.1738, -9.61952, -0.40721, 4.85697, 2.55389, 0.908834, -56.9971, -50.4169, -17.5158, 0.579823, -3.0393, -1.39424, -3.69732, -2.71029, -8.30347, -6.32941, 8.47609, 10.1211, -5.34238, -4.68435, -9.94853, -8.9615, -14.8837, -30.0182, -34.6244, -31.6633, -26.0701, -13.2386, -7.64545, -1.39424, -41.5336, -51.4039, -35.2824, -21.4639, -7.31644, 2.55389, 1.56686, 3.21191
2.62672, 3.94277, 2.95573, -3.29548, -2.63745, -2.30844, -3.29548, -1.65042, -1.32141, 4.60079, 10.523, 0.652656, -6.58559, -1.97943, -0.663388, -1.32141, -19.088, -18.759, -7.24361, -7.90163, -11.1917, -9.8757, -5.26954, -0.663388, -11.8498, -11.1917, -9.8757, -12.5078, -6.58559, -4.61152, -5.26954, -0.005366, 4.9298, 3.28474, -5.59855, -3.9535, -0.663388, -1.32141, -11.1917, -4.28251, -1.65042, -11.5208, -10.5337, -10.8627, -13.8238, -17.4429, -20.7331, -8.88866, -0.334377, -7.90163, -9.54669, -9.8757, -15.4689, -14.1528, -15.4689, -9.8757, 0.652656, 1.63969, -5.92756, -4.28251, -8.23064, -4.61152, -7.24361, -8.23064
10.4827, 10.4827, 10.1537, 3.57346, 4.56049, 3.57346, 1.59939, -0.703687, 10.8117, 7.52159, 9.16664, 3.24445, -0.045665, -0.045665, 1.27038, -2.01973, 8.50862, 3.57346, 0.283346, 3.24445, -4.98083, -3.9938, -0.703687, -2.67775, 14.7598, 13.4438, 0.941368, -0.045665, 3.90247, 2.25741, 6.53456, 0.283346, 0.941368, 8.50862, -1.69072, -8.27094, 1.9284, 4.56049, 7.19258, 1.59939, -6.62589, -9.25797, -11.8901, -24.0635, -19.7863, -8.27094, 1.27038, -5.63885, 2.58642, -6.9549, -13.5351, -6.29687, -7.28391, -6.9549, -6.29687, -7.28391, -2.67775, -17.4832, -34.9208, -26.0375, -21.4314, -17.1542, -10.574, -6.62589
10.8606, 14.1507, 2.30631, 0.332242, 2.30631, -1.31281, 0.003231, -0.654791, 13.1637, 23.692, 6.25444, -9.53809, -2.29985, -2.29985, -5.58996, -2.62886, -13.8152, -10.1961, -3.61589, -8.22204, -7.23501, -4.27391, -4.93193, -3.9449, -12.4992, -15.7893, -2.95787, 0.003231, -4.93193, -1.31281, 2.96433, 1.31928, -3.61589, 1.31928, 9.21554, 0.990264, 0.990264, -3.61589, -0.983802, 0.990264, -27.6337, -25.3306, -22.0405, -22.3695, -0.654791, -3.28688, -10.5251, -2.62886, -12.4992, -21.3825, -12.4992, -20.0664, -7.23501, -8.55106, -8.22204, 2.30631, 1.64829, -11.1831, -11.8412, -18.4214, -13.8152, -23.0275, -19.7374, -3.9449
2.97665, 6.92478, 7.91181, -3.27456, -4.5906, -2.94555, 0.01555, -1.30049, 3.30566, 8.89885, 19.0982, 4.95072, 1.98962, 1.66061, 0.673572, -2.28753, -9.19676, -17.422, -9.19676, -12.4869, -11.4998, -7.5517, -5.24863, -3.93258, -5.57764, -9.85478, -7.88071, -3.27456, -0.642472, 9.22786, 6.26676, 1.66061, -10.5128, -3.93258, 3.96368, 8.56984, 8.24083, 11.8599, 4.6217, 1.98962, -22.0282, -19.7251, -18.7381, -11.4998, -15.777, -13.8029, -13.4739, -7.5517, -8.20973, -23.6732, -28.6084, -24.3313, -25.3183, -14.1319, -7.22269, -3.27456, -8.53874, -19.3961, -9.85478, -2.61654, -6.23566, -0.313461, 1.00258, 5.27973
0.004112, 0.991145, -1.96995, -1.64094, -2.95699, -2.29897, -1.96995, -0.65391, -2.29897, -3.94402, -13.4853, -20.3946, -17.4335, -16.7754, -9.2082, -2.62798, -17.7625, -13.8144, -8.22116, -13.8144, -14.4724, -16.4464, -9.53721, -4.27303, -22.6976, -24.3427, -24.3427, -21.3816, -21.0526, -14.4724, -13.4853, -5.58908, -10.8533, -14.8014, -16.7754, -13.1563, -16.1174, -15.1304, -11.5113, -4.27303, -10.1952, -2.95699, 5.26829, 6.58433, -3.286, -9.53721, -10.8533, -7.56314, -13.1563, -10.8533, -7.23413, -0.65391, -0.65391, -6.2471, -10.8533, -4.27303, -12.1693, -20.3946, -18.7495, -5.26006, 1.32016, -0.324899, -7.23413, -0.65391
7.32251, 4.36141, 4.69042, 2.71635, 4.0324, 2.38734, 0.413275, 1.72932, 8.96756, -2.87684, 4.0324, 0.413275, -3.53486, -1.56079, -2.54782, -0.902769, 3.37437, -5.50892, -1.23178, -6.16695, -7.48299, -7.48299, -8.14101, -4.8509, -11.4311, -22.9465, -21.3015, -20.9724, -15.7083, -3.86387, -2.87684, -1.56079, -16.0373, -29.1977, -14.3922, -4.52189, -1.23178, 7.32251, 11.2706, 4.36141, -18.6694, -27.2237, -13.0762, -9.12804, -7.812, 6.33547, 4.69042, -5.17991, -14.7212, -29.8557, -35.4489, -35.1199, -26.8946, -17.0243, -11.1021, -10.7731, -11.7601, -29.5267, -32.1588, -26.8946, -26.8946, -16.6953, -10.4441, -6.16695
-7.21451, -8.53055, -1.29231, 0.352744, 5.28791, 3.31384, 1.33978, 2.65582, -18.0719, -12.4787, -4.91143, -11.1626, -3.26638, 1.66879, -1.62132, 0.681755, -5.56945, -0.305278, 1.33978, -9.51759, -9.18858, 1.01077, -0.9633, -0.9633, 14.5002, 12.1971, 27.0026, 21.7385, 11.8681, 10.5521, 5.61692, 3.64285, -6.22748, -20.0459, 0.352744, 10.8811, 10.8811, 5.94593, -0.634289, -0.9633, -5.89847, -14.4528, 1.66879, 4.30088, 6.93296, 5.61692, -3.26638, 0.023733, -1.62132, -6.22748, -2.60836, -4.91143, -3.26638, 1.66879, -0.305278, 4.9589, -1.95033, -8.20154, -5.89847, -8.85956, -9.51759, 0.681755, -5.24044, -0.305278
5.30053, 15.1709, 20.435, 11.5517, 2.99745, -2.92475, -0.621672, -0.292661, -4.89882, 2.33943, 11.5517, 2.66844, 4.31349, -1.93772, -2.92475, -1.60871, 0.365361, -4.89882, -6.87288, -14.4401, -7.5309, -3.25376, -3.58277, -1.93772, 12.8678, -3.25376, -16.0852, -12.4661, -10.163, -6.54387, -5.22783, -1.27969, -6.87288, -29.5746, -43.7221, -33.1938, -34.8388, -31.2197, -19.3753, -8.51794, -3.91178, -26.9426, -45.0382, -47.9993, -43.7221, -39.774, -26.6135, -14.4401, 6.28756, -12.7951, -27.2716, -31.5487, -26.2845, -20.0333, -17.4012, -9.83398, 6.61657, -8.84695, -13.1241, -21.3494, -16.0852, -9.50497, -14.7691, -11.15
5.90697, -1.00226, -3.96336, -3.63435, -3.63435, -2.64732, -2.97633, -3.30534, 14.1322, -0.673249, -13.8337, -10.8726, -1.66028, -1.66028, -0.673249, -0.673249, 19.7254, 0.642795, -8.2405, -12.5176, -9.55655, -10.2146, -4.95039, -1.33127, 10.5131, -4.29237, -0.673249, -11.8596, -17.7818, -12.8467, -7.58248, -5.2794, -2.97633, -16.4658, -7.25347, -5.2794, -10.2146, -11.5306, -4.62138, -8.2405, -2.64732, -15.4787, -12.1886, -2.64732, -3.96336, -10.8726, -2.97633, -12.8467, 5.24895, -1.00226, -6.26644, -4.29237, -1.33127, -4.62138, -0.015227, -6.92446, -2.97633, -9.55655, -6.59545, -5.93743, -3.63435, -11.2016, -9.55655, -7.25347
-6.98098, -7.30999, -6.98098, -7.96801, -2.70383, -3.36185, -2.04581, 0.586278, -4.34889, -6.65196, 0.586278, -5.66493, -3.36185, -3.36185, -1.7168, -0.071744, 13.7467, 13.7467, 19.6689, 9.14056, 5.52144, 4.86342, 6.83749, 3.21837, 10.7856, 2.56034, 6.83749, 5.52144, 2.23133, -2.04581, 1.90232, 3.54738, 4.86342, -20.7994, -21.1284, -11.2581, -4.01988, -9.28405, -7.96801, -1.05878, 13.4177, -11.9161, -2.37482, 3.54738, -1.38779, -3.03284, -0.729766, -1.05878, -2.04581, -13.5612, -9.28405, -0.729766, -4.01988, -3.69087, -5.99394, -2.37482, -9.28405, -12.9032, -5.66493, 6.50848, 12.1017, 9.79859, 1.90232, -1.7168
7.87482, 13.139, 8.53284, 1.95262, -0.679471, 0.965584, 2.28163, 1.95262, 6.22976, 21.3643, 21.6933, 9.51987, 3.59767, -0.35046, -0.35046, 2.93965, -6.27266, -1.99552, 3.59767, -2.98255, -6.93068, -8.24672, -2.32453, 1.2946, -11.5368, -24.3683, -28.6454, -28.3164, -20.4201, -11.8658, -2.98255, 2.93965, -4.6276, -17.13, -28.3164, -22.7232, -12.5239, -1.6665, 1.2946, 6.22976, 2.28163, -15.814, -24.6973, -22.3942, -13.8399, -2.65354, -3.64057, 1.95262, -6.27266, -22.0652, -27.0004, -29.3034, -27.9874, -14.8269, -11.2078, -5.94365, 1.95262, -12.1949, -12.8529, -15.156, -15.814, -5.94365, -1.99552, 3.26866
6.55239, 8.19744, -1.34388, -4.963, 0.301178, 2.93327, 0.9592, -1.01487, 3.26228, 8.19744, 1.94623, -1.34388, -4.63399, -4.30498, -0.685855, -2.65992, 0.630189, 2.27524, -3.64695, 2.27524, -5.95003, -6.60805, -1.67289, -0.356844, 11.8166, 9.51349, -2.33091, 1.94623, 2.60426, -2.33091, 0.301178, 0.630189, -2.65992, 5.56535, -6.27904, -1.67289, 1.94623, 3.26228, 7.21041, 1.61722, -14.1753, -2.33091, -12.5303, -8.25311, -6.93706, -0.356844, 5.89437, -2.33091, -2.98893, 2.27524, -13.1883, -6.60805, -9.24014, -8.91113, -5.29201, -10.5562, 3.59129, 3.59129, -4.963, 5.89437, 1.94623, -1.67289, 2.60426, -2.65992
-1.37488, -3.01994, -0.716862, -0.716862, 1.58622, 5.20534, 2.24424, 2.24424, -12.5613, -10.5872, 3.23127, 9.15347, 8.82446, 2.90226, -0.05884, 0.928193, -22.1026, -28.6828, -11.5742, 7.1794, 7.1794, 4.2183, 3.56028, 2.24424, -16.8384, -26.3797, -7.62609, 7.83742, 11.7856, 10.4695, 11.7856, 3.56028, -4.33598, -16.5094, -1.37488, 14.7467, 14.0886, 11.4565, 10.4695, 4.54731, -16.1804, -29.6698, -16.5094, -2.36192, 1.58622, 3.56028, 2.24424, 2.57325, -4.66499, -22.1026, -13.8773, -6.31005, -5.65203, -1.7039, -3.01994, -1.37488, -6.96807, -13.5483, -11.9032, -9.27115, -0.05884, 7.50841, 4.54731, 0.599182
-4.59561, -4.59561, -10.8468, -12.1629, -8.21473, -6.24066, -3.27956, -2.95055, -11.8339, -11.1758, -16.44, -13.4789, -12.1629, -11.1758, -5.58264, -3.60858, -12.8209, -21.0462, -21.0462, -11.5048, -9.53077, -7.88572, -4.59561, -1.96352, -19.0721, -30.9165, -33.2196, -20.7171, -16.769, -9.20176, -7.2277, -1.3055, -21.3752, -21.0462, -26.3103, -19.7301, -11.1758, -7.55671, -8.21473, -6.24066, 6.91978, 5.93274, 8.23582, -2.29253, -11.8339, -11.1758, -11.8339, -10.1888, -2.95055, -15.782, -12.8209, -18.0851, -28.6134, -21.7042, -15.453, -8.21473, -7.2277, -16.769, -15.453, -6.24066, -6.56967, -4.2666, -3.27956, -1.96352
-1.60972, 2.0094, -2.59675, -0.293673, -1.28071, -0.622684, -1.28071, 0.364349, -5.88686, -5.22884, -7.86093, -5.88686, -1.60972, 2.99644, 0.035338, 0.364349, -12.1381, -16.4152, -3.58378, 5.62853, 11.5507, 11.2217, 2.66743, 1.35138, -26.9436, -31.8787, -10.164, 2.33842, 11.5507, 11.5507, 4.31248, 4.31248, -9.83499, -11.151, -1.60972, 6.61556, 8.26061, 12.5378, 3.98347, 3.65446, 1.35138, -1.93873, -10.822, -9.17697, 2.99644, 9.24765, 5.95754, 1.68039, -14.7702, -20.3633, -17.7313, -18.0603, -11.8091, -2.59675, -2.92576, -4.89983, -12.4671, -8.84796, 1.02237, -0.622684, -0.951695, 6.61556, 1.35138, -2.59675
-1.00554, -2.32159, -2.97961, 1.95556, 0.639511, -0.676533, 2.28457, 1.62654, -9.88884, -11.2049, -7.58576, -1.66357, 0.3105, -2.97961, 0.639511, 3.2716, -14.824, -17.1271, -13.179, -7.58576, 4.91665, 5.24567, 0.3105, 2.94259, -9.55983, -2.32159, 0.968522, 3.60061, -0.018511, -0.018511, -0.347522, -0.676533, -19.4302, -29.3005, -31.6036, -23.3783, -14.495, -10.8759, -0.018511, 2.28457, -15.482, -27.3264, -18.1141, -2.6506, 6.56171, 3.2716, 8.86479, 10.8389, -2.97961, -11.8629, -11.2049, -13.837, -10.5469, -8.90181, -13.179, -6.92774, 1.29753, -4.95368, -6.26972, -7.25675, -3.96664, -2.6506, -12.8499, -8.5728
-3.57453, -6.86464, -9.82574, -9.82574, -9.82574, -9.49672, -7.19365, -4.23255, -8.18068, -13.4449, -21.9991, -21.3411, -14.7609, -10.1547, -9.82574, -6.20661, -17.393, -24.6312, -33.8435, -29.5664, -14.4319, -9.49672, -9.49672, -3.90354, -23.9732, -36.8046, -38.7787, -34.8306, -17.393, -10.4838, -6.20661, 0.044595, -23.6442, -24.9602, -16.406, -20.0251, -12.4578, -11.4708, -10.1547, -1.27145, -20.0251, -25.2893, -14.7609, -13.1158, -3.57453, -12.7868, -17.722, -7.85167, -23.3152, -35.4886, -26.6053, -21.6701, -13.7739, -17.722, -13.1158, -4.23255, -7.85167, -12.1288, -6.53563, -3.24552, -2.58749, -10.1547, -6.86464, 2.01866
-6.82862, -19.331, -18.344, -5.84159, -4.52554, -1.56444, -0.577411, -1.23543, -18.344, -21.9631, -12.7508, 1.72567, 0.409622, 0.738633, 0.409622, -2.22247, -24.9242, -14.3959, -0.2484, 4.02874, 1.06764, -1.89346, -1.23543, -6.82862, -10.7768, -7.48664, -16.3699, -21.3051, -21.6341, -7.15763, -1.23543, -7.15763, -5.84159, -11.1058, -19.002, -6.82862, -8.14466, 1.39666, 7.64786, -0.577411, -14.7249, -1.56444, -8.14466, 11.267, 7.31885, 7.97688, 6.00281, -1.89346, -2.22247, 9.95094, 13.5701, 16.2022, -1.89346, -2.55148, 7.31885, 0.738633, 7.97688, 8.30589, 8.6349, 5.34479, -8.14466, -5.18357, 5.34479, 2.7127
0.993937, -0.651118, -11.8375, -15.4566, -8.21837, -7.23134, -4.59925, -1.63815, -1.96716, -1.63815, -15.7856, -17.4307, -7.88936, -10.1924, -4.27024, 0.664926, 1.98097, -4.92826, -15.7856, -17.7597, -8.87639, -10.5214, -2.9542, 2.968, 4.94207, -7.23134, -13.8116, -19.0757, -19.0757, -22.3658, -10.8505, -0.322107, 3.62603, -6.90233, -13.1535, -14.1406, -15.7856, -23.6819, -14.1406, -6.57332, -0.980129, -11.5085, -27.959, -23.0239, -16.1146, -16.1146, -6.57332, -2.29617, 1.32295, -2.9542, -7.23134, -9.86343, -9.53442, -18.4177, -7.88936, -0.322107, 1.98097, -0.651118, 1.98097, 0.664926, -6.24431, -14.1406, -7.23134, -3.94123